  0.125600010       254.571869    
  0.251200020       288.455658    
  0.376800001       204.178192    
  0.502400041       150.018723    
  0.628000021       139.135498    
  0.753600001       113.407768    
  0.879200041       81.8444748    
   1.00480008       85.1815567    
   1.13040006       71.8144684    
   1.25600004       71.2615738    
   1.38160002       58.3983688    
   1.50720000       38.4378357    
   1.63279998       54.4548607    
   1.75840008       38.0022469    
   1.88400006       30.1191025    
   2.00960016       42.3491554    
   2.13520002       33.6974068    
   2.26080012       35.4309540    
   2.38640022       22.7797623    
   2.51200008       36.1746292    
   2.63760018       29.6118126    
   2.76320004       26.1090870    
   2.88880014       29.7165947    
   3.01440001       24.1913452    
   3.14000010       22.4826717    
   3.26559997       24.3046150    
   3.39120030       21.5359936    
   3.51680017       20.0859795    
   3.64240026       22.8641224    
   3.76800013       23.0454254    
   3.89360023       22.2738495    
   4.01920033       21.6132965    
   4.14480019       16.4214802    
   4.27040005       18.4971600    
   4.39599991       16.4137592    
   4.52160025       18.1901779    
   4.64720011       12.9965696    
   4.77280045       15.3493214    
   4.89840031       15.6467237    
   5.02400017       16.2282791    
